1	1	2	2022-02-17
2	21	1	2022-02-22
3	18	3	2022-04-19
4	24	1	2022-09-18
5	3	2	2022-03-01
6	7	3	2022-08-22
7	25	1	2022-08-23
8	25	2	2022-09-13
9	25	1	2022-10-28
10	25	3	2022-10-15
11	25	1	2022-08-27
12	25	3	2022-08-19
13	25	2	2022-09-02
14	25	1	2022-08-30
15	25	1	2022-11-23
16	25	2	2022-10-01
17	25	1	2022-10-10
18	27	1	2022-09-13
19	26	3	2022-10-10
20	12	1	2022-04-26
21	12	3	2022-05-01
22	13	2	2022-07-03
23	14	1	2022-09-05
24	14	3	2022-09-16
25	23	1	2022-08-04
26	23	3	2022-08-25
27	24	2	2022-08-25
28	24	3	2022-09-16
29	7	1	2022-03-06
30	7	1	2022-03-09
31	9	3	2022-05-05
32	9	2	2022-05-15
33	9	3	2022-07-18
34	6	1	2022-03-03
35	6	1	2022-04-17
36	4	3	2022-03-23
37	4	1	2022-02-07
38	2	1	2022-02-02
39	2	3	2022-04-28
40	16	1	2022-09-29
41	9	2	2022-09-31
42	9	3	2022-10-16
43	9	1	2022-07-10
44	9	2	2022-07-15
45	9	1	2022-07-14
46	9	3	2022-08-11
47	9	3	2022-08-14
48	9	2	2022-08-17
49	9	1	2022-08-22
50	9	1	2022-08-30
